{
  "advancedEditorSelectedIdentifier" : "ProjectBrowser",
  "openSceneRelativePaths" : [
    "Materials\/GridMaterial.usda"
  ],
  "recentIdentifiers" : {
    "93347035-2031-4D6D-927B-2E0BF648F258" : [

    ]
  },
  "sceneCameraHistory" : {
    "93347035-2031-4D6D-927B-2E0BF648F258" : [
      {
        "date" : 755394534.410873,
        "title" : "Untitled",
        "transform" : [
          0.99967504,
          -1.9479593e-09,
          -0.02549397,
          0,
          -0.022519216,
          0.46877927,
          -0.8830283,
          0,
          0.011951045,
          0.8833154,
          0.4686269,
          0,
          -3.1599865,
          21.597494,
          1.2216687,
          1
        ]
      },
      {
        "date" : 755394433.352856,
        "title" : "Untitled",
        "transform" : [
          0.99967504,
          -1.9479593e-09,
          -0.02549397,
          0,
          -0.022519216,
          0.46877927,
          -0.8830283,
          0,
          0.011951045,
          0.8833154,
          0.4686269,
          0,
          -2.958703,
          99.07356,
          21.16302,
          1
        ]
      },
      {
        "date" : 755394420.283345,
        "title" : "Untitled",
        "transform" : [
          0.99967504,
          -1.9479593e-09,
          -0.02549397,
          0,
          -0.022519216,
          0.46877927,
          -0.8830283,
          0,
          0.011951045,
          0.8833154,
          0.4686269,
          0,
          -3.2070343,
          3.4883652,
          -3.4393897,
          1
        ]
      },
      {
        "date" : 755394402.147965,
        "title" : "Untitled",
        "transform" : [
          0.99967504,
          -1.9479593e-09,
          -0.02549397,
          0,
          -0.022519216,
          0.46877927,
          -0.8830283,
          0,
          0.011951045,
          0.8833154,
          0.4686269,
          0,
          -2.7440987,
          4.5855265,
          -2.809132,
          1
        ]
      },
      {
        "date" : 755394400.346911,
        "title" : "Untitled",
        "transform" : [
          0.99967504,
          -1.9479593e-09,
          -0.02549397,
          0,
          -0.022519216,
          0.46877927,
          -0.8830283,
          0,
          0.011951045,
          0.8833154,
          0.4686269,
          0,
          -3.2037487,
          4.753377,
          -3.1137917,
          1
        ]
      },
      {
        "date" : 755394395.145039,
        "title" : "Untitled",
        "transform" : [
          0.99967504,
          -9.5952e-10,
          -0.025493968,
          0,
          -0.022519214,
          0.46877927,
          -0.8830283,
          0,
          0.011951044,
          0.8833154,
          0.4686269,
          0,
          -3.1609435,
          5.896962,
          -2.6705894,
          1
        ]
      },
      {
        "date" : 755394388.968083,
        "title" : "Untitled",
        "transform" : [
          0.99967504,
          -9.5952e-10,
          -0.025493968,
          0,
          -0.022519214,
          0.46877927,
          -0.8830283,
          0,
          0.011951044,
          0.8833154,
          0.4686269,
          0,
          -3.207035,
          3.4883642,
          -3.4393892,
          1
        ]
      },
      {
        "date" : 755393041.300543,
        "title" : "Untitled",
        "transform" : [
          0.99967504,
          -1.20467e-09,
          -0.025493966,
          0,
          -0.022519212,
          0.4687793,
          -0.8830283,
          0,
          0.011951044,
          0.8833154,
          0.46862695,
          0,
          5.2528343,
          13.275721,
          10.613924,
          1
        ]
      },
      {
        "date" : 755393038.441822,
        "title" : "Untitled",
        "transform" : [
          0.99967504,
          -1.20467e-09,
          -0.025493966,
          0,
          -0.022519212,
          0.4687793,
          -0.8830283,
          0,
          0.011951044,
          0.8833154,
          0.46862695,
          0,
          5.553882,
          13.275721,
          10.606248,
          1
        ]
      },
      {
        "date" : 755393035.205531,
        "title" : "Untitled",
        "transform" : [
          0.99967504,
          -1.20467e-09,
          -0.025493966,
          0,
          -0.022519212,
          0.4687793,
          -0.8830283,
          0,
          0.011951044,
          0.8833154,
          0.46862695,
          0,
          3.9241195,
          13.139177,
          10.905181,
          1
        ]
      }
    ],
    "AF09ED6F-1707-48FD-8720-65B998362C09" : [
      {
        "date" : 755390669.707963,
        "title" : "Untitled",
        "transform" : [
          1,
          0,
          0,
          0,
          0,
          0.7071069,
          -0.70710677,
          0,
          0,
          0.70710677,
          0.7071069,
          0,
          0.85723114,
          5.5042477,
          1.5990396,
          1
        ]
      },
      {
        "date" : 755390638.195808,
        "title" : "Untitled",
        "transform" : [
          1,
          0,
          0,
          0,
          0,
          0.7071069,
          -0.70710677,
          0,
          0,
          0.70710677,
          0.7071069,
          0,
          0,
          3.551643,
          3.5516431,
          1
        ]
      }
    ],
    "DE1CDE14-2764-4635-BD3F-597A4290B6C9" : [
      {
        "date" : 759199546.845282,
        "title" : "Untitled",
        "transform" : [
          0.5936821,
          4.625835e-09,
          -0.8046997,
          0,
          -0.19559433,
          0.97001,
          -0.14430328,
          0,
          0.78056675,
          0.24306503,
          0.57587755,
          0,
          12.948259,
          6.035298,
          42.530685,
          1
        ]
      },
      {
        "date" : 758683838.608068,
        "title" : "Untitled",
        "transform" : [
          0.5936821,
          4.625835e-09,
          -0.8046997,
          0,
          -0.19559436,
          0.9700101,
          -0.14430329,
          0,
          0.78056675,
          0.24306503,
          0.57587755,
          0,
          11.255882,
          5.8423295,
          44.906048,
          1
        ]
      },
      {
        "date" : 758683830.271972,
        "title" : "Untitled",
        "transform" : [
          0.7660913,
          1.4292539e-08,
          0.64273185,
          0,
          0.27877817,
          0.9010382,
          -0.3322841,
          0,
          -0.579126,
          0.43373963,
          0.6902776,
          0,
          -13.750077,
          9.321543,
          45.349453,
          1
        ]
      },
      {
        "date" : 758682089.514088,
        "title" : "Untitled",
        "transform" : [
          0.3096183,
          3.2159928e-08,
          0.950861,
          0,
          0.93392205,
          0.18791236,
          -0.30410266,
          0,
          -0.17867856,
          0.98218584,
          0.058181074,
          0,
          -6.114623,
          19.458672,
          33.50834,
          1
        ]
      },
      {
        "date" : 758682084.96572,
        "title" : "Untitled",
        "transform" : [
          0.3096183,
          3.2159928e-08,
          0.950861,
          0,
          0.93392205,
          0.18791236,
          -0.30410266,
          0,
          -0.17867856,
          0.98218584,
          0.058181074,
          0,
          -6.1217747,
          30.422642,
          36.580658,
          1
        ]
      },
      {
        "date" : 758682001.248669,
        "title" : "Untitled",
        "transform" : [
          0.3096183,
          3.2159928e-08,
          0.950861,
          0,
          0.93392205,
          0.18791236,
          -0.30410266,
          0,
          -0.17867856,
          0.98218584,
          0.058181074,
          0,
          -2.129946,
          8.47958,
          35.28078,
          1
        ]
      },
      {
        "date" : 758667515.996572,
        "title" : "Untitled",
        "transform" : [
          0.6368685,
          3.2168227e-08,
          0.7709724,
          0,
          0.7638331,
          0.13577345,
          -0.630971,
          0,
          -0.10467762,
          0.9907399,
          0.086469814,
          0,
          -1.1942538,
          7.3986006,
          35.96088,
          1
        ]
      },
      {
        "date" : 758667494.154932,
        "title" : "Untitled",
        "transform" : [
          -0.99860835,
          8.977976e-09,
          0.052738696,
          0,
          0.01444016,
          0.9617855,
          0.27342314,
          0,
          -0.050723415,
          0.27380422,
          -0.960447,
          0,
          -2.511664,
          5.7080693,
          29.79993,
          1
        ]
      },
      {
        "date" : 758659539.276114,
        "title" : "Untitled",
        "transform" : [
          -0.99860835,
          8.977976e-09,
          0.052738696,
          0,
          0.01444016,
          0.9617855,
          0.27342314,
          0,
          -0.050723415,
          0.27380422,
          -0.960447,
          0,
          -3.245567,
          9.725081,
          23.117199,
          1
        ]
      },
      {
        "date" : 758659535.101915,
        "title" : "Untitled",
        "transform" : [
          -0.9954327,
          7.168236e-09,
          0.09546674,
          0,
          -0.026782848,
          0.9598402,
          -0.2792659,
          0,
          -0.09163292,
          -0.28054723,
          -0.95545626,
          0,
          -4.0044165,
          1.55622,
          21.091675,
          1
        ]
      }
    ]
  },
  "sceneViewportBackgroundColors" : {

  },
  "selectedSceneRelativePath" : "Untitled Scene.usda"
}