{
  "advancedEditorSelectedIdentifier" : "ProjectBrowser",
  "openSceneRelativePaths" : [
    "Materials\/GridMaterial.usda"
  ],
  "recentIdentifiers" : {
    "93347035-2031-4D6D-927B-2E0BF648F258" : [

    ]
  },
  "sceneCameraHistory" : {
    "93347035-2031-4D6D-927B-2E0BF648F258" : [
      {
        "date" : 755394534.410873,
        "title" : "Untitled",
        "transform" : [
          0.99967504,
          -1.9479593e-09,
          -0.02549397,
          0,
          -0.022519216,
          0.46877927,
          -0.8830283,
          0,
          0.011951045,
          0.8833154,
          0.4686269,
          0,
          -3.1599865,
          21.597494,
          1.2216687,
          1
        ]
      },
      {
        "date" : 755394433.352856,
        "title" : "Untitled",
        "transform" : [
          0.99967504,
          -1.9479593e-09,
          -0.02549397,
          0,
          -0.022519216,
          0.46877927,
          -0.8830283,
          0,
          0.011951045,
          0.8833154,
          0.4686269,
          0,
          -2.958703,
          99.07356,
          21.16302,
          1
        ]
      },
      {
        "date" : 755394420.283345,
        "title" : "Untitled",
        "transform" : [
          0.99967504,
          -1.9479593e-09,
          -0.02549397,
          0,
          -0.022519216,
          0.46877927,
          -0.8830283,
          0,
          0.011951045,
          0.8833154,
          0.4686269,
          0,
          -3.2070343,
          3.4883652,
          -3.4393897,
          1
        ]
      },
      {
        "date" : 755394402.147965,
        "title" : "Untitled",
        "transform" : [
          0.99967504,
          -1.9479593e-09,
          -0.02549397,
          0,
          -0.022519216,
          0.46877927,
          -0.8830283,
          0,
          0.011951045,
          0.8833154,
          0.4686269,
          0,
          -2.7440987,
          4.5855265,
          -2.809132,
          1
        ]
      },
      {
        "date" : 755394400.346911,
        "title" : "Untitled",
        "transform" : [
          0.99967504,
          -1.9479593e-09,
          -0.02549397,
          0,
          -0.022519216,
          0.46877927,
          -0.8830283,
          0,
          0.011951045,
          0.8833154,
          0.4686269,
          0,
          -3.2037487,
          4.753377,
          -3.1137917,
          1
        ]
      },
      {
        "date" : 755394395.145039,
        "title" : "Untitled",
        "transform" : [
          0.99967504,
          -9.5952e-10,
          -0.025493968,
          0,
          -0.022519214,
          0.46877927,
          -0.8830283,
          0,
          0.011951044,
          0.8833154,
          0.4686269,
          0,
          -3.1609435,
          5.896962,
          -2.6705894,
          1
        ]
      },
      {
        "date" : 755394388.968083,
        "title" : "Untitled",
        "transform" : [
          0.99967504,
          -9.5952e-10,
          -0.025493968,
          0,
          -0.022519214,
          0.46877927,
          -0.8830283,
          0,
          0.011951044,
          0.8833154,
          0.4686269,
          0,
          -3.207035,
          3.4883642,
          -3.4393892,
          1
        ]
      },
      {
        "date" : 755393041.300543,
        "title" : "Untitled",
        "transform" : [
          0.99967504,
          -1.20467e-09,
          -0.025493966,
          0,
          -0.022519212,
          0.4687793,
          -0.8830283,
          0,
          0.011951044,
          0.8833154,
          0.46862695,
          0,
          5.2528343,
          13.275721,
          10.613924,
          1
        ]
      },
      {
        "date" : 755393038.441822,
        "title" : "Untitled",
        "transform" : [
          0.99967504,
          -1.20467e-09,
          -0.025493966,
          0,
          -0.022519212,
          0.4687793,
          -0.8830283,
          0,
          0.011951044,
          0.8833154,
          0.46862695,
          0,
          5.553882,
          13.275721,
          10.606248,
          1
        ]
      },
      {
        "date" : 755393035.205531,
        "title" : "Untitled",
        "transform" : [
          0.99967504,
          -1.20467e-09,
          -0.025493966,
          0,
          -0.022519212,
          0.4687793,
          -0.8830283,
          0,
          0.011951044,
          0.8833154,
          0.46862695,
          0,
          3.9241195,
          13.139177,
          10.905181,
          1
        ]
      }
    ],
    "AF09ED6F-1707-48FD-8720-65B998362C09" : [
      {
        "date" : 755390669.707963,
        "title" : "Untitled",
        "transform" : [
          1,
          0,
          0,
          0,
          0,
          0.7071069,
          -0.70710677,
          0,
          0,
          0.70710677,
          0.7071069,
          0,
          0.85723114,
          5.5042477,
          1.5990396,
          1
        ]
      },
      {
        "date" : 755390638.195808,
        "title" : "Untitled",
        "transform" : [
          1,
          0,
          0,
          0,
          0,
          0.7071069,
          -0.70710677,
          0,
          0,
          0.70710677,
          0.7071069,
          0,
          0,
          3.551643,
          3.5516431,
          1
        ]
      }
    ]
  },
  "sceneViewportBackgroundColors" : {

  },
  "selectedSceneRelativePath" : "Untitled Scene.usda"
}